Files/bias_layer_13april2020.asc
NCOLS 480 
NROWS 240 
XLLCORNER 5 
YLLCORNER 45 
CELLSIZE 0.0416666666666667 
NODATA_value -9999 
[rows 209 to 227 of 240, columns 336 to 377 of 480]
2.03691164073855e-05 2.05162282260368e-05 2.07231697681627e-05 2.09850262028743e-05 2.12974370167112e-05 2.1656564586039e-05 2.20590678551249e-05 2.25020808943853e-05 2.29831960884836e-05 2.35004516812767e-05 2.40523233838492e-05 2.46377197328456e-05 2.52559808688266e-05 2.59068803883414e-05 2.65906299086892e-05 2.7307885970933e-05 2.80597588945667e-05 2.88478231863847e-05 2.96741290965943e-05 3.05412149071549e-05 3.145211953085e-05 3.24103949948449e-05 3.3420118379656e-05 3.448590278373e-05 3.56129068854522e-05 3.68068426785631e-05 3.80739809639235e-05 3.94211541905261e-05 4.08557562518401e-05 4.23857388601847e-05 4.40196041420238e-05 4.57663931210144e-05 4.76356697834073e-05 4.96375004520692e-05 5.17824282309546e-05 5.40814423212838e-05 5.65459420538226e-05 5.91876955283976e-05 6.20187928017978e-05 6.50515936182633e-05 6.82986697324137e-05 7.17727419322859e-05
1.75829464896813e-05 1.76833048602158e-05 1.78415767080934e-05 1.80531805222745e-05 1.83140995498744e-05 1.86208506297757e-05 1.89704579911307e-05 1.93604317963504e-05 1.97887511842412e-05 2.02538515470235e-05 2.07546157548318e-05 2.12903690227528e-05 2.1860877098327e-05 2.24663474316135e-05 2.31074329752763e-05 2.37852382486698e-05 2.45013272875423e-05 2.52577330897908e-05 2.60569681577352e-05 2.69020357287521e-05 2.77964412789469e-05 2.87442038790229e-05 2.97498669778168e-05 3.08185081873325e-05 3.19557476437592e-05 3.31677545221333e-05 3.44612512882707e-05 3.58435152805838e-05 3.73223772266544e-05 3.89062163151798e-05 4.06039514633381e-05 4.24250284429034e-05 4.43794025556945e-05 4.64775165802656e-05 4.87302737471331e-05 5.11490055393058e-05 5.37454341582704e-05 5.6531629542812e-05 5.95199608787837e-05 6.27230425919536e-05 6.61536748729105e-05 6.9824778842267e-05
1.51824014706161e-05 1.5243181439799e-05 1.53600749263568e-05 1.55288133926836e-05 1.5745700516966e-05 1.60075814874886e-05 1.63118171270121e-05 1.66562626314421e-05 1.70392506838349e-05 1.74595786835169e-05 1.79164998104759e-05 1.84097176270368e-05 1.89393839019673e-05 1.95060993264705e-05 2.01109167768867e-05 2.07553467653298e-05 2.14413647068874e-05 2.21714196204695e-05 2.2948443869966e-05 2.37758635431775e-05 2.46576090581698e-05 2.55981255804494e-05 2.66023828298735e-05 2.76758838537285e-05 2.88246723421889e-05 3.00553380646625e-05 3.13750200106196e-05 3.27914068266481e-05 3.43127341529437e-05 3.59477784774814e-05 3.77058471449244e-05 3.9596764180123e-05 4.16308516129591e-05 4.38189060224305e-05 4.6172170053252e-05 4.87022986979202e-05 5.14213201809743e-05 5.43415913300466e-05 5.74757473698774e-05 6.08366461305719e-05 6.4437306719536e-05 6.82908427673092e-05
1.31195346173832e-05 1.3147198050884e-05 1.32292708109266e-05 1.33617789043789e-05 1.35413252358024e-05 1.3765059536813e-05 1.40306529952554e-05 1.43362773726689e-05 1.46805883760325e-05 1.5062713029061e-05 1.5482240769149e-05 1.59392179782209e-05 1.64341456390796e-05 1.69679797932223e-05 1.75421344614208e-05 1.81584866746023e-05 1.88193832497045e-05 1.95276489332669e-05 2.0286595524624e-05 2.11000315808239e-05 2.19722722969502e-05 2.29081491485827e-05 2.39130188779111e-05 2.49927714017573e-05 2.61538362187561e-05 2.74031868944423e-05 2.87483432073207e-05 3.0197370546406e-05 3.17588761615264e-05 3.34420018821318e-05 3.52564129386803e-05 3.72122825431155e-05 3.93202719116359e-05 4.1591505444046e-05 4.40375408094887e-05 4.66703337283443e-05 4.9502197284393e-05 5.25457556499269e-05 5.58138921590325e-05 5.93196917205285e-05 6.30763776215772e-05 6.70972428353516e-05
1.1351141785647e-05 1.13514691593662e-05 1.14045790542547e-05 1.15067752622106e-05 1.16549405774715e-05 1.18465075115532e-05 1.20794335810449e-05 1.23521809607514e-05 1.26637002727892e-05 1.30134182620065e-05 1.34012290892867e-05 1.38274889567085e-05 1.42930137619992e-05 1.47990794641213e-05 1.53474248270713e-05 1.59402561950205e-05 1.65802539387787e-05 1.72705802012687e-05 1.80148875583439e-05 1.88173282010019e-05 1.96825632360043e-05 2.0615771694322e-05 2.16226588309142e-05 2.27094632953878e-05 2.38829627513574e-05 2.51504775231232e-05 2.65198718519371e-05 2.79995523509064e-05 2.95984632578372e-05 3.13260780992807e-05 3.31923873970226e-05 3.52078820704332e-05 3.73835322146953e-05 3.97307609660561e-05 4.2261413200994e-05 4.49877188565801e-05 4.79222507042338e-05 5.10778764584631e-05 5.44677051557195e-05 5.8105027795972e-05 6.20032523005415e-05 6.61758329036893e-05
9.83849524667216e-06 9.81662156090425e-06 9.84596468837588e-06 9.92309088242159e-06 1.00451451157847e-05 1.02098227091257e-05 1.04153454076312e-05 1.06604417020867e-05 1.09443311694231e-05 1.12667125879327e-05 1.16277555638442e-05 1.2028095388557e-05 1.24688308293857e-05 1.29515245410516e-05 1.34782057702821e-05 1.40513750117193e-05 1.46740102598897e-05 1.53495744893184e-05 1.60820239830602e-05 1.68758171191297e-05 1.77359232147025e-05 1.86678310197591e-05 1.96775564453054e-05 2.07716491066853e-05 2.19571972601372e-05 2.32418307109131e-05 2.46337212743358e-05 2.61415803774154e-05 2.77746533984192e-05 2.95427103553754e-05 3.14560325721789e-05 3.35253949729969e-05 3.57620436822422e-05 3.81776686386498e-05 4.07843709680249e-05 4.35946249000954e-05 4.66212340604709e-05 4.98772820189407e-05 5.3376077029914e-05 5.71310909594925e-05 6.11558924560033e-05 6.54640744863351e-05
8.54705800467093e-06 8.50751171888842e-06 8.51766338691405e-06 8.574327619371e-06 8.67489525691205e-06 8.81730601908285e-06 9.00002547779881e-06 9.22202615560809e-06 9.48277252804e-06 9.78220968989355e-06 1.01207554270767e-05 1.04992954183686e-05 1.09191812750841e-05 1.13822311109598e-05 1.189073231957e-05 1.24474462221988e-05 1.3055614235347e-05 1.37189651940078e-05 1.44417234546055e-05 1.52286173902064e-05 1.60848878804755e-05 1.7016296390085e-05 1.80291322221642e-05 1.9130218528169e-05 2.03269166526116e-05 2.16271283906923e-05 2.30392957394213e-05 2.45723977285918e-05 2.62359439273463e-05 2.80399642353566e-05 2.99949945851151e-05 3.21120582037756e-05 3.44026421095919e-05 3.68786685494512e-05 3.95524611203727e-05 4.24367053592049e-05 4.55444036309945e-05 4.88888241975764e-05 5.24834444035214e-05 5.63418879764553e-05 6.04778565024541e-05 6.49050552042479e-05
7.44618629733455e-06 7.39293028690211e-06 7.38788793643547e-06 7.42810913225205e-06 7.51121546783294e-06 7.63537399996665e-06 7.79927520650663e-06 8.0021149497335e-06 8.24358022887896e-06 8.52383848625414e-06 8.8435302134062e-06 9.20376458661447e-06 9.6061178446729e-06 1.00526341061857e-05 1.05458283084456e-05 1.10886909353602e-05 1.16846941878491e-05 1.23377992367324e-05 1.30524641854806e-05 1.38336523584531e-05 1.46868405196206e-05 1.56180266174898e-05 1.66337366442897e-05 1.77410301917477e-05 1.89475042823179e-05 2.02612950538364e-05 2.16910768776657e-05 2.32460584957696e-05 2.49359757712026e-05 2.67710806595283e-05 2.87621260260099e-05 3.09203459553056e-05 3.32574312270976e-05 3.578549966274e-05 3.8517061084739e-05 4.14649766727482e-05 4.46424125466604e-05 4.80627874592708e-05 5.17397145375525e-05 5.56869370725918e-05 5.99182584232025e-05 6.44474661666856e-05
6.50882700436897e-06 6.44530065034176e-06 6.42852782412555e-06 6.45578145283777e-06 6.52489977968774e-06 6.63426129581959e-06 6.78276375062565e-06 6.96980704840814e-06 7.19527981924059e-06 7.45954943306807e-06 7.76345520826811e-06 8.10830454888701e-06 8.49587172841893e-06 8.92839902220635e-06 9.4085998752386e-06 9.93966377730439e-06 1.05252625031316e-05 1.11695573614113e-05 1.18772070835658e-05 1.26533759709587e-05 1.35037419081623e-05 1.44345038401442e-05 1.54523883031049e-05 1.65646545924854e-05 1.77790981477349e-05 1.91040517321101e-05 2.0548383987465e-05 2.21214949490243e-05 2.38333081138976e-05 2.56942586699188e-05 2.77152775086062e-05 2.99077706679226e-05 3.22835938772978e-05 3.48550219092633e-05 3.7634712479117e-05 4.06356644763926e-05 4.3871170359427e-05 4.73547625969832e-05 5.11001540983506e-05 5.51211726354029e-05 5.94316893262343e-05 6.40455413197438e-05
5.71121572160138e-06 5.64037735690542e-06 5.61484792606455e-06 5.63211185484221e-06 5.69021078396006e-06 5.78771972790855e-06 5.92372718845391e-06 6.09781903472179e-06 6.31006594209693e-06 6.56101416364858e-06 6.85167939016156e-06 7.18354343794235e-06 7.5585534872342e-06 7.97912357822159e-06 8.44813805616511e-06 8.96895664218654e-06 9.54542079164299e-06 1.01818609879844e-05 1.08831046066042e-05 1.16544839706465e-05 1.25018442092449e-05 1.34315505184945e-05 1.44504944168975e-05 1.55660985803897e-05 1.67863198377203e-05 1.81196499052509e-05 1.95751134415886e-05 2.11622630071988e-05 2.28911705226736e-05 2.47724148319846e-05 2.68170649941756e-05 2.90366589488305e-05 3.14431772275405e-05 3.40490114156838e-05 3.6866927106221e-05 3.99100211300101e-05 4.31916728952209e-05 4.67254897217828e-05 5.05252461150733e-05 5.46048169860425e-05 5.89781048921532e-05 6.36589614444151e-05
5.03258031629538e-06 4.95694936264232e-06 4.92519133616402e-06 4.93499118002285e-06 4.98458139272089e-06 5.07271944935093e-06 5.19866905278618e-06 5.36218503084362e-06 5.5635016761861e-06 5.80332430747158e-06 6.08282381280961e-06 6.40363391976989e-06 6.76785091987048e-06 7.17803555956361e-06 7.63721679417841e-06 8.14889708607945e-06 8.71705891349006e-06 9.34617214211075e-06 1.00412018979691e-05 1.08076165670523e-05 1.1651395535427e-05 1.25790362730044e-05 1.35975603551748e-05 1.47145180095314e-05 1.59379907702106e-05 1.72765918203409e-05 1.87394636041376e-05 2.0336272294656e-05 2.20771987115373e-05 2.39729252955912e-05 2.60346187641062e-05 2.82739080926611e-05 3.07028574961849e-05 3.33339341142789e-05 3.61799701434817e-05 3.925411920233e-05 4.25698067636325e-05 4.61406745423048e-05 4.99805187860867e-05 5.41032224802347e-05 5.85226815453614e-05 6.32527251794633e-05
4.45485388254714e-06 4.37655211965638e-06 4.34069047124227e-06 4.34514386749676e-06 4.38832372142481e-06 4.46915663355907e-06 4.58706680064412e-06 4.74196194865902e-06 4.93422259164035e-06 5.16469439978244e-06 5.4346834430257e-06 5.74595405963255e-06 6.10072908296135e-06 6.50169214370359e-06 6.95199174919315e-06 7.4552468260475e-06 8.0155533973949e-06 8.63749205138982e-06 9.32613584375764e-06 1.00870582639348e-05 1.09263408822138e-05 1.18505802844385e-05 1.28668938915363e-05 1.39829242538531e-05 1.52068414052574e-05 1.65473428596583e-05 1.80136508333657e-05 1.96155062809755e-05 2.13631593405978e-05 2.32673557966267e-05 2.53393191852207e-05 2.75907281895326e-05 3.00336889987627e-05 3.26807023375035e-05 3.55446249097289e-05 3.86386250452453e-05 4.19761323853657e-05 4.55707814989698e-05 4.94363493796286e-05 5.35866868388871e-05 5.80356438795784e-05 6.27969892057032e-05
3.9624001794687e-06 3.88319168943754e-06 3.84498973946467e-06 3.84584907824964e-06 3.88434859198285e-06 3.95957130042978e-06 4.07108792969213e-06 4.21894388654317e-06 4.40364944069309e-06 4.62617290362851e-06 4.88793657559644e-06 5.19081521570831e-06 5.53713677389932e-06 5.92968510751995e-06 6.37170438961408e-06 6.86690490047367e-06 7.41946987889956e-06 8.03406309485541e-06 8.71583679102264e-06 9.47043962734862e-06 1.03040242502677e-05 1.12232540971437e-05 1.22353090369558e-05 1.33478894406587e-05 1.4569218269393e-05 1.59080407661526e-05 1.73736213370786e-05 1.89757372126034e-05 2.07246684866423e-05 2.26311841442814e-05 2.47065237052964e-05 2.69623741326776e-05 2.94108416823807e-05 3.20644184030025e-05 3.49359430320923e-05 3.8038556079481e-05 4.13856489372125e-05 4.49908069103952e-05 4.88677461232027e-05 5.30302443191203e-05 5.74920656438358e-05 6.22668795723996e-05
3.54175387047302e-06 3.4630832939147e-06 3.42398227981121e-06 3.42267551945074e-06 3.45789835862886e-06 3.52887808120462e-06 3.63531864070697e-06 3.77738866962362e-06 3.95571257783096e-06 4.17136453419683e-06 4.4258651085203e-06 4.72118033451373e-06 5.05972293836554e-06 5.44435546148085e-06 5.87839499024253e-06 6.36561919009625e-06 6.91027332599102e-06 7.51707793632199e-06 8.19123681317559e-06 8.93844492807416e-06 9.7648959298024e-06 1.06772888295551e-05 1.16828334789017e-05 1.27892544382551e-05 1.40047928280641e-05 1.53382057521736e-05 1.67987628831698e-05 1.83962398034052e-05 2.01409077032184e-05 2.20435190499871e-05 2.41152888584407e-05 2.63678712144266e-05 2.88133307313458e-05 3.146410865095e-05 3.43329833382624e-05 3.74330249641359e-05 4.07775442183083e-05 4.43800349507221e-05 4.82541106990116e-05 5.24134351251967e-05 5.68716464542289e-05 6.16422760806086e-05
3.18137719667725e-06 3.10440602252906e-06 3.06556257774218e-06 3.06323186187787e-06 3.09629503893435e-06 3.16411199395995e-06 3.2665072078403e-06 3.40375878483197e-06 3.57659044962166e-06 3.7861663135606e-06 4.03408819308247e-06 4.32239524701398e-06 4.6535656834236e-06 5.03052027076356e-06 5.45662737231323e-06 5.9357092073617e-06 6.47204902723125e-06 7.07039887926722e-06 7.7359876174593e-06 8.47452880462342e-06 9.29222813831197e-06 1.01957900211203e-05 1.11924228861479e-05 1.22898428803984e-05 1.34962755032605e-05 1.48204547942754e-05 1.62716196645988e-05 1.78595069702917e-05 1.95943409332442e-05 2.1486818527525e-05 2.35480904656134e-05 2.57897374406336e-05 2.82237413076401e-05 3.08624509194125e-05 3.37185423702359e-05 3.68049734448692e-05 4.01349321192423e-05 4.37217790143527e-05 4.75789837650074e-05 5.17200553302591e-05 5.61584663420788e-05 6.09075716624905e-05
2.87143411507715e-06 2.79707480221586e-06 2.75939614158254e-06 2.75693401375295e-06 2.78870509293492e-06 2.85419065296339e-06 2.95332356050616e-06 3.08647829519569e-06 3.25446381900151e-06 3.4585191003448e-06 3.70031108206368e-06 3.98193486622739e-06 4.3059158728691e-06 4.67521371390645e-06 5.09322750782117e-06 5.56380234511454e-06 6.09123659920517e-06 6.68028976242133e-06 7.3361904722203e-06 8.06464437895476e-06 8.87184149365468e-06 9.76446264268992e-06 1.07496846461573e-05 1.18351838287397e-05 1.30291374660178e-05 1.43402227661401e-05 1.57776129868268e-05 1.73509702912629e-05 1.90704349539619e-05 2.09466105395197e-05 2.29905446936943e-05 2.52137052077538e-05 2.7627951043814e-05 3.02454980411395e-05 3.30788790612468e-05 3.61408983732223e-05 3.94445801298538e-05 4.30031108399532e-05 4.68297758022818e-05 5.09378895315417e-05 5.53407202764594e-05 6.0051408803529e-05
2.60358241355363e-06 2.53253020937977e-06 2.49670688695272e-06 2.4947899676008e-06 2.52592163712794e-06 2.58969376947241e-06 2.68613600575863e-06 2.81570673379253e-06 2.97928679605787e-06 3.17817573779597e-06 3.41409039063245e-06 3.68916557132376e-06 4.00595665943921e-06 4.36744380212319e-06 4.77703747847945e-06 5.23858514062791e-06 5.75637863317297e-06 6.33516207782368e-06 6.98013989538306e-06 7.69698462349232e-06 8.49184417562836e-06 9.37134817520223e-06 1.03426129885225e-05 1.14132450722172e-05 1.25913422448525e-05 1.38854924893115e-05 1.53047698924485e-05 1.68587273319851e-05 1.85573855279898e-05 2.041121808796e-05 2.24311321908534e-05 2.46284445767239e-05 2.70148525351704e-05 2.96023996178191e-05 3.24034358376591e-05 3.54305721613445e-05 3.86966291494557e-05 4.22145796541733e-05 4.5997485543508e-05 5.00584284859309e-05 5.4410434898437e-05 5.90663952342346e-05
2.37078387826791e-06 2.30354625738179e-06 2.27008242178175e-06 2.26920247263958e-06 2.30016440666855e-06 2.36266031885831e-06 2.45680552822184e-06 2.58313047711573e-06 2.74257523812906e-06 2.93648644642154e-06 3.16661645957528e-06 3.43512453138592e-06 3.74457977047098e-06 4.09796563907401e-06 4.49868573198106e-06 4.95057056008827e-06 5.45788504793879e-06 6.0253364396192e-06 6.65808229293603e-06 7.36173822799746e-06 8.14238508345921e-06 9.0065751220472e-06 9.96133691687426e-06 1.10141785418678e-05 1.21730886837202e-05 1.34465352895265e-05 1.48434613641333e-05 1.63732775345447e-05 1.80458510059617e-05 1.98714905455183e-05 2.18609271458893e-05 2.40252900419978e-05 2.6376077780307e-05 2.89251240718608e-05 3.16845581974625e-05 3.46667597762541e-05 3.7884307757388e-05 4.13499235484407e-05 4.50764082533786e-05 4.9076574057015e-05 5.33631698614861e-05 5.79488013528028e-05
2.1671322308675e-06 2.10405592624595e-06 2.07329704881429e-06 2.07378940069697e-06 2.10489738568344e-06 2.16640334670685e-06 2.25849769372655e-06 2.38177167824371e-06 2.53721265455933e-06 2.72620165215435e-06 2.95051306808675e-06 3.21231627294841e-06 3.51417890862407e-06 3.8590716408103e-06 4.25037411397795e-06 4.69188184124727e-06 5.1878137465682e-06 5.74282006179559e-06 6.36199026688811e-06 7.05086074775634e-06 7.81542183349436e-06 8.66212386313942e-06 9.59788192204489e-06 1.06300788797644e-05 1.17665663554258e-05 1.30156632332832e-05 1.43861513509153e-05 1.58872679857445e-05 1.75286947726232e-05 1.9320542696512e-05 2.12733328201336e-05 2.33979724272264e-05 2.57057262879096e-05 2.82081827839297e-05 3.091721466829e-05 3.38449342760931e-05 3.70036430512446e-05 4.04057753069527e-05 4.40638361963946e-05 4.79903339332675e-05 5.21977063697005e-05 5.66982421106606e-05
