Files/bias_layer_13april2020.asc
NCOLS 480 
NROWS 240 
XLLCORNER 5 
YLLCORNER 45 
CELLSIZE 0.0416666666666667 
NODATA_value -9999 
[rows 57 to 75 of 240, columns 168 to 209 of 480]
0.00261772100819336 0.00263290956785474 0.00264866650581993 0.00266493939864439 0.0026816727457932 0.00269880820563235 0.00271628484275363 0.00273403938435564 0.00275200648346239 0.0027701189868528 0.00278830820569515 0.0028065041870265 0.00282463598438284 0.0028426319260678 0.00286041987973926 0.00287792751219133 0.00289508254340594 0.00291181299414242 0.0029280474265166 0.0029437151771921 0.00295874658296001 0.00297307319861656 0.00298662800715941 0.0029993456224093 0.00301116248422493 0.00302201704651345 0.00303184995824831 0.00304060423769059 0.00304822543997165 0.00305466181813556 0.00305986447766306 0.00306378752440663 0.00306638820576404 0.00306762704480748 0.00306746796697274 0.00306587841880072 0.0030628294781167 0.0030582959549354 0.00305225648229389 0.00304469359614602 0.00303559380340152 0.00302494763716387
0.00263957392578124 0.0026539463801179 0.00266896620295401 0.00268458331046541 0.00270074425805803 0.00271739247089764 0.00273446848711168 0.00275191021135857 0.00276965317651401 0.0027876308113121 0.00280577471189646 0.00282401491538083 0.00284228017368273 0.00286049822607512 0.00287859606909227 0.0028965002226242 0.00291413699123111 0.00293143271990366 0.0029483140436783 0.0029647081306884 0.00298054291838479 0.00299574734279254 0.0030102515607804 0.00302398716540429 0.00303688739444469 0.00304888733229019 0.00305992410532493 0.00306993707095911 0.00307886800039864 0.00308666125518647 0.00309326395746698 0.00309862615382758 0.00310270097246498 0.00310544477330913 0.00310681729062103 0.00310678176746499 0.00310530508134719 0.00310235786021225 0.00309791458790417 0.00309195369812947 0.00308445765591217 0.00307541302550503
0.00267535202923684 0.00268860947597849 0.00270259765072951 0.00271726961370826 0.00273257473682161 0.00274845892601624 0.00276486485791624 0.00278173222842404 0.00279899801101023 0.00281659672250043 0.00283446069428117 0.00285252034698714 0.00287070446689411 0.00288894048242051 0.00290715473933086 0.0029252727734304 0.00294321957973659 0.00296091987730588 0.00297829836907664 0.00299527999625849 0.00301179018694963 0.00302775509879427 0.00304310185559931 0.00305775877791045 0.00307165560760291 0.00308472372656953 0.00309689636958988 0.00310810883143951 0.00311829866825048 0.00312740589306458 0.0031353731654333 0.00314214597481658 0.00314767281741951 0.00315190536598749 0.00315479863195849 0.00315631111925388 0.00315640496887623 0.00315504609338351 0.00315220430022298 0.00314785340284219 0.00314197131844984 0.00313454015127955
0.00272536999788913 0.00273719995375949 0.00274984881152424 0.0027632736355653 0.00277742742699142 0.00279225933484597 0.00280771488351749 0.00282373621402207 0.00284026233686692 0.00285722939428118 0.00287457092970809 0.00289221816258794 0.00291010026661938 0.0029281446498616 0.0029462772352268 0.0029644227401053 0.00298250495405963 0.00300044701371298 0.00301817167413708 0.0030356015762103 0.00305265950956433 0.0030692686708638 0.00308535291726544 0.00310083701497893 0.00311564688290105 0.00312970983131505 0.00314295479564232 0.00315531256520113 0.0031667160068721 0.00317710028349325 0.00318640306671315 0.00319456474392161 0.00320152861875874 0.00320724110457893 0.00321165191012083 0.00321471421651287 0.00321638484463095 0.00321662441172391 0.00321539747613975 0.00321267266892213 0.00320842281100823 0.00320262501474662
0.00278996397684552 0.00280004038589049 0.00281102907940234 0.00282289204176925 0.0028355867682576 0.00284906646185852 0.00286328024858364 0.00287817340888141 0.00289368762287707 0.00290976122720762 0.00292632948132408 0.00294332484126223 0.00296067723903536 0.0029783143659718 0.00299616195850254 0.0030141440850918 0.00303218343319252 0.00305020159529353 0.00306811935329861 0.00308585696063899 0.00310333442166126 0.00312047176795318 0.00313718933136436 0.00315340801354743 0.00316904955188591 0.00318403678168817 0.00319829389451176 0.00321174669244249 0.00322432283808784 0.0032359520999591 0.00324656659281384 0.00325610101241353 0.00326449286402591 0.00327168268387131 0.00327761425258253 0.00328223479962347 0.00328549519749748 0.0032873501444769 0.00328775833450479 0.00328668261286248 0.00328409011616509 0.00327995239524539
0.00286948490695246 0.00287746819186392 0.00288646269242967 0.00289643628407353 0.00290735187301085 0.00291916757526406 0.00293183691673091 0.0029453090519915 0.00295952899956083 0.002974437891352 0.00298997323420718 0.00300606918147386 0.00302265681274839 0.0030396644200715 0.00305701779903485 0.0030746405434395 0.00309245434232861 0.00311037927839473 0.00312833412692823 0.00314623665462641 0.00316400391771594 0.00318155255895202 0.00319879910314373 0.00321566025091308 0.00323205317042663 0.00324789578683998 0.00326310706917065 0.00327760731426361 0.00329131842743816 0.00330416419931014 0.00331607057817009 0.00332696593717346 0.00333678133546528 0.00334545077222602 0.00335291143249056 0.00335910392346581 0.00336397249995774 0.00336746527742066 0.00336953443106663 0.00337013637942113 0.00336923195069111 0.00336678653032056
0.00296429052059836 0.00296982769903197 0.00297648085466619 0.00298422477901516 0.00299302875685685 0.00300285672370015 0.00301366744729336 0.0030254147308878 0.00303804763597823 0.00305151072228781 0.00306574430284653 0.00308068471212162 0.00309626458529375 0.00311241314692512 0.00312905650743164 0.00314611796594346 0.00316351831831103 0.00318117616918154 0.00319900824722813 0.00321692972275626 0.00323485452703453 0.00325269567279664 0.00327036557543537 0.00328777637445614 0.0033048402547751 0.00332146976743701 0.00333757814928935 0.00335307964108541 0.00336788980340173 0.00338192582964771 0.00339510685532211 0.00340735426253597 0.00341859197868038 0.00342874676797459 0.0034377485144915 0.00344553049512831 0.00345202964087648 0.00345718678464987 0.00346094689386109 0.00346325928589403 0.00346407782461163 0.00346336109606336
0.00307473602969772 0.00307746092138131 0.00308141260183458 0.00308657385588399 0.00309292136363478 0.00310042583243412 0.00310905215627736 0.00311875960041279 0.00312950200889339 0.00314122803285555 0.00315388137737231 0.00316740106482626 0.00318172171286905 0.00319677382517639 0.00321248409336065 0.00322877570856461 0.0032455686814205 0.00326278016921471 0.00328032480924347 0.00329811505747442 0.00331606153173819 0.00333407335876036 0.00335205852440368 0.00336992422652257 0.00338757722983495 0.00340492422219049 0.00342187217156212 0.00343832868300789 0.00345420235474961 0.00346940313239343 0.00348384266018256 0.00349743462802637 0.00351009511290013 0.00352174291305995 0.00353229987337506 0.00354169119994838 0.00354984576208391 0.00355669637956944 0.00356218009318102 0.00356623841628581 0.00356881756542491 0.00356986866780199
0.00320116356040838 0.00320069711420778 0.00320157447204085 0.00320378753880908 0.0032073214534665 0.00321215469129968 0.00321825919749296 0.00322560054979111 0.00323413814804696 0.00324382542845637 0.00325461010033415 0.00326643440336678 0.00327923538338526 0.00329294518482802 0.00330749135820388 0.00332279718101152 0.00333878199071826 0.00335536152854315 0.00337244829291845 0.00338995190161856 0.00340777946163828 0.00342583594597235 0.00344402457649085 0.00346224721212004 0.00348040474152373 0.00349839747943744 0.0035161255657376 0.00353348936623209 0.00355038987404163 0.00356672911030579 0.00358241052279864 0.00359733938088225 0.00361142316506614 0.00362457194928503 0.00363669877385993 0.00364772000697622 0.00365755569240182 0.00366612988108486 0.00367337094421768 0.00367921186533786 0.00368359050905953 0.00368644986409292
0.00334389042080092 0.00333984119368777 0.00333725907341899 0.00333614625780856 0.00333649745175626 0.0033382999354608 0.00334153366822717 0.00334617142575344 0.0033521789687366 0.00335951524063195 0.00336813259243345 0.00337797703240591 0.00338898849878989 0.00340110115361004 0.00341424369583969 0.00342833969230448 0.00344330792483707 0.00345906275231912 0.00347551448635877 0.00349256977944786 0.00351013202451782 0.00352810176486371 0.00354637711342928 0.00356485418044104 0.00358342750834531 0.00360199051293923 0.00362043592949777 0.00363865626258454 0.00365654423809899 0.00367399325596178 0.003690897841676 0.00370715409483325 0.00372266013246394 0.00373731652496787 0.0037510267222109 0.00376369746724121 0.00377523919497251 0.00378556641310477 0.00379459806251289 0.00380225785433294 0.00380847458101893 0.00381318239873217
0.00350319632218742 0.0034951611440701 0.00348872267355154 0.00348389461589704 0.00348068238859387 0.00347908315093261 0.00347908587398448 0.00348067144894938 0.0034838128317792 0.00348847522195385 0.0034946162732976 0.00350218633476601 0.00351112871920311 0.00352137999815703 0.00353287032094586 0.00354552375627366 0.00355925865480697 0.00357398803122488 0.00358961996434769 0.00360605801402359 0.00362320165350615 0.00364094671608388 0.00365918585472462 0.00367780901346995 0.00369670390925869 0.00371575652277405 0.00373485159679788 0.0037538731404215 0.00377270493730809 0.0037912310560331 0.00380933636034981 0.00382690701704572 0.00384383099887541 0.00385999857988575 0.00387530282029563 0.00388964003796117 0.00390291026335581 0.00391501767492782 0.00392587101167088 0.00393538395976202 0.00394347551018708 0.00395007028439107
0.00367930971130928 0.0036668745707836 0.00365617197017697 0.00364722837310388 0.00364006109088807 0.0036346782687947 0.00363107891797684 0.00362925299121718 0.00362918150044819 0.00363083667398076 0.00363418215135595 0.00363917321375307 0.00364575704793166 0.00365387304175125 0.00366345310939132 0.00367442204448043 0.00368669789942894 0.0037001923893402 0.00371481131894235 0.00373045503103361 0.00374701887496253 0.0037643936936687 0.00378246632778587 0.003801120135257 0.00382023552483021 0.00383969050169565 0.00385936122338921 0.00387912256393249 0.0038988486840039 0.00391841360474772 0.00393769178263355 0.00395655868258253 0.00397489134638729 0.0039925689532761 0.00400947336931515 0.00402548968221427 0.00404050671800551 0.00405441753600894 0.00406711989848961 0.00407851671144892 0.0040885164330866 0.00409703344661743
0.00387239340809598 0.00385513459419502 0.00383975023806979 0.00382628084257504 0.00381475682283291 0.00380519844427862 0.00379761581227723 0.00379200891151492 0.00378836769324042 0.0037866722083485 0.00378689278425377 0.00378899024349247 0.00379291616200777 0.00379861316511243 0.00380601525917493 0.00381504819713473 0.00382562987601152 0.0038376707646265 0.00385107435979451 0.00386573766926897 0.00388155171972345 0.0038984020880293 0.00391616945403861 0.00393473017300158 0.00395395686563981 0.00397371902376216 0.00399388362915031 0.00401431578326125 0.00403487934509677 0.00405543757438323 0.00407585377699298 0.00409599194932895 0.00411571741819499 0.00413489747249128 0.00415340198291639 0.00417110400573184 0.0041878803665574 0.00420361222012362 0.00421818558191632 0.00423149182771164 0.0042434281571222 0.00425389801745809
0.00408252978110762 0.00406001531494944 0.00403952308197437 0.00402110892773058 0.00400481760292203 0.00399068264834802 0.00397872633782694 0.00396895967744751 0.00396138245932855 0.00395598336795007 0.00395274013704245 0.00395161975497777 0.00395257871659391 0.00395556331938947 0.00396051000204974 0.00396734572329293 0.00397598837905554 0.00398634725605844 0.00399832351980631 0.00401181073506569 0.00402669541683875 0.00404285760979534 0.00406017149404543 0.00407850601502414 0.00409772553512546 0.00411769050455698 0.00413825814870221 0.00415928316907164 0.00418061845470368 0.00420211580064942 0.00422362662994547 0.00424500271525621 0.00426609689615703 0.00428676378784203 0.00430686047688137 0.00432624719953167 0.00434478799802564 0.00436235135024097 0.00437881076817784 0.00439404536076553 0.00440794035667328 0.00442038758302216
0.00430970572880798 0.00428149711654579 0.00425546405888192 0.00423167906154794 0.00421020245651908 0.00419108222888578 0.00417435390869433 0.0041600405262568 0.00414815262922802 0.00413868835959254 0.00413163358859055 0.00412696210753347 0.00412463587241094 0.00412460530016425 0.00412680961448901 0.0041311772390251 0.00413762623578849 0.00414606478668869 0.00415639171595311 0.00416849705124007 0.0041822626211596 0.00419756268683513 0.00421426460502519 0.00423222952018345 0.00425131308266716 0.0042713661901113 0.00429223574877156 0.00431376545140668 0.00433579656802811 0.0043581687455954 0.00438072081248939 0.004403291583358 0.00442572065971049 0.00444784922144342 0.0044695208043235 0.00449058205833708 0.00451088348175079 0.0045302801257191 0.00454863226432839 0.00456580602508811 0.00458167397507044 0.00459611565816313
0.00455379776814176 0.00451945210273824 0.00448744046348336 0.00445785333818938 0.00443076789074635 0.00440624772496641 0.0043843427209649 0.00436508894275075 0.00434850861545313 0.00433461017041407 0.00432338835622122 0.00431482441363705 0.00430888631229206 0.00430552904694452 0.00430469499105916 0.00430631430541543 0.00431030539941499 0.00431657544271129 0.00432502092472507 0.00433552825953377 0.00434797443352506 0.00436222769308295 0.00437814826942628 0.00439558913754491 0.00441439680597766 0.00443441213395215 0.00445547117216238 0.00447740602320107 0.00450004571739555 0.00452321709952572 0.0045467457216386 0.00457045673692297 0.00459417578938043 0.00461772989383243 0.00464094830064719 0.00466366333946248 0.00468571123612903 0.00470693289711108 0.00472717465566072 0.0047462889742371 0.00476413509787162 0.00478057965348916
0.00481455756111597 0.00477362999515287 0.00473519959699421 0.00469937615211295 0.00466625490193058 0.00463591623972524 0.00460842548723261 0.00458383275079989 0.00456217285565972 0.00454346535664614 0.00452771462347422 0.00451490999854184 0.00450502602508029 0.00449802274337293 0.00449384605266896 0.00449242813633693 0.00449368794772127 0.00449753175407845 0.00450385373587098 0.00451253663858315 0.00452345247408591 0.00453646326841923 0.00455142185267516 0.00456817269345382 0.00458655275912997 0.00460639241791049 0.00462751636338907 0.00464974456301674 0.0046728932246146 0.00469677577576311 0.00472120385062058 0.00474598827846049 0.00477094006798136 0.00479587138124439 0.00482059649094179 0.00484493271460007 0.00486870131928832 0.00489172839043486 0.00491384565846661 0.0049348912771745 0.00495471054798264 0.00497315658465523
0.00509159823381285 0.00504364483881323 0.00499835586041654 0.00495586167923173 0.00491627684381906 0.00487969969385295 0.00484621207272252 0.00481587912863231 0.00478874920291873 0.00476485380400209 0.0047442076651428 0.00472680888395817 0.00471263914147734 0.0047016639983569 0.00469383326574283 0.00468908144813724 0.00468732825550301 0.00468847918171021 0.00469242614628759 0.00469904819628626 0.00470821226488654 0.00471977398317906 0.00473357854132871 0.00474946159508101 0.00476725021330086 0.00478676386194282 0.0048078154195462 0.00483021221903372 0.00485375711027351 0.00487824953755267 0.00490348662581114 0.00492926426920987 0.0049553782153648 0.00498162513837895 0.00500780369365686 0.00503371554740027 0.00505916637366628 0.00508396681192953 0.00510793337823157 0.00513088932323045 0.00515266543078145 0.00517310075109114
0.00538438185914359 0.00532896287878344 0.00527637902743375 0.00522678254741851 0.00518030849610184 0.00513707429164898 0.00509717935755322 0.00506070486520529 0.00502771357337905 0.00499824976315291 0.00497233926648161 0.00494998958636684 0.00493119010634412 0.00491591238679805 0.00490411054543168 0.00489572171904033 0.00489066660356815 0.00488885006925025 0.00489016184745824 0.0048944772856664 0.0049016581667376 0.00491155358848648 0.0049240008992144 0.00493882668462457 0.0049558478012182 0.00497487245094882 0.00499570129157411 0.00501812857680154 0.00504194331998135 0.00506693047476713 0.00509287212584973 0.00511954868258431 0.00514674006808248 0.00517422689614291 0.00520179162825334 0.0052292197028246 0.00525630062882113 0.00528282903603985 0.0053086056744667 0.00533343835541086 0.00535714282748506 0.00537954358096503
