Files/bias_layer_13april2020.asc
NCOLS 480 
NROWS 240 
XLLCORNER 5 
YLLCORNER 45 
CELLSIZE 0.0416666666666667 
NODATA_value -9999 
[rows 57 to 75 of 240, columns 294 to 335 of 480]
0.000264362492221477 0.000249896177532678 0.000236087106445291 0.000222922498065714 0.00021038916559088 0.000198473584687332 0.000187161964611015 0.000176440321529168 0.000166294553466042 0.000156710516262145 0.000147674099912165 0.000139171304629558 0.000131188315975786 0.000123711578388875 0.00011672786644923 0.000110224353229709 0.000104188675091696 9.86089923086524e-05 9.34740449230372e-05 8.87732032710474e-05 8.44965126420661e-05 8.06347315755589e-05 7.71793633371842e-05 7.41226801578639e-05 7.14577398642205e-05 6.91783945761192e-05 6.72792911968375e-05 6.57558634737135e-05 6.46043154618957e-05 6.38215962811054e-05 6.34053661151536e-05 6.33539534663442e-05 6.36663037418801e-05 6.43419193169326e-05 6.53807912890984e-05 6.67833232113956e-05 6.85502471655786e-05 7.06825326140602e-05 7.318128854676e-05 7.60476595182453e-05 7.92827162499971e-05 8.2887341551808e-05
0.00029148002026366 0.000275829361224032 0.000260870300537707 0.000246590716922585 0.000232977937696135 0.000220018812755256 0.000207699792036874 0.000196007005828367 0.000184926347254526 0.000174443556234301 0.000164544304175865 0.000155214278662332 0.000146439267372561 0.00013820524048119 0.000130498430789238 0.000123305410850375 0.000116613166378037 0.000110409165244145 0.000104681421410897 9.94185531722387e-05 9.46098351208102e-05 9.02452432989002e-05 8.63154930378089e-05 8.28120690387947e-05 7.97272473000356e-05 7.70541085477805e-05 7.47865428857545e-05 7.29192454350123e-05 7.14477027966557e-05 7.03681702321895e-05 6.96776395208094e-05 6.93737975196014e-05 6.94549755215245e-05 6.99200895771153e-05 7.07685720190773e-05 7.20002945041563e-05 7.36154829638086e-05 7.56146249338573e-05 7.79983698132456e-05 8.07674226826744e-05 8.39224323947659e-05 8.74638747277291e-05
0.000321332831994861 0.000304400847451413 0.000288197013995951 0.000272709901755732 0.000257927375211526 0.000243836673004483 0.000230424492009366 0.000217677074945223 0.00020558030074933 0.000194119776905361 0.000183280932891929 0.000173049113902602 0.000163409673982936 0.000154348067733143 0.000145849939736564 0.000137901210892972 0.000130488160861668 0.000123597505851304 0.00011721647103087 0.000111332856878556 0.000105935098831739 0.000101012319651422 9.65543739677414e-05 9.2551884529172e-05 8.89962697363644e-05 8.58797621021037e-05 8.31954173412173e-05 8.09371138584904e-05 7.90995424685372e-05 7.76781862491916e-05 7.66692904992929e-05 7.60698228427671e-05 7.58774235936953e-05 7.60903465715744e-05 7.67073906322274e-05 7.77278222576878e-05 7.9151289627731e-05 8.09777286763121e-05 8.32072617176596e-05 8.58400893087306e-05 8.88763760965978e-05 9.231613148045e-05
0.000354136563415965 0.000335822273080557 0.000318274864669309 0.000301483632401501 0.000285437001957517 0.000270122616338495 0.000255527426822649 0.000241637788185474 0.000228439557302868 0.000215918194219898 0.00020405886474314 0.000192846543600848 0.000182266117212254 0.000172302485114147 0.000162940659109132 0.000154165859224498 0.000145963605602872 0.000138319805484754 0.000131220834487921 0.000124653611438666 0.000118605666064253 0.000113065198913995 0.000108021132937576 0.000103463156212958 9.93817553820703e-05 9.5768239420206e-05 9.26147534341894e-05 8.9914282255009e-05 8.76606436623864e-05 8.5848471151776e-05 8.44731862284925e-05 8.35309602890525e-05 8.30186662264648e-05 8.29338199740614e-05 8.32745122815833e-05 8.40393310975059e-05 8.5227275012919e-05 8.6837658304443e-05 8.88700081963775e-05 9.13239550451233e-05 9.41991162313955e-05 9.74949746271858e-05
0.000390115680975771 0.00037031448871668 0.00035132103648392 0.000333125376361635 0.000315716520565988 0.000299082533580878 0.00028321063026395 0.000268087278980321 0.000253698308770229 0.000240029019519129 0.000227064294074095 0.000214788711238281 0.000203186658575222 0.000192242443965671 0.000181940404881182 0.000172265014369274 0.000163200982784168 0.000154733354343509 0.000146847597644378 0.000139529689330155 0.000132766190162702 0.000126544312820867 0.00012085198081598 0.000115677877986961 0.000111011488111511 0.000106843124245158 0.000103163947476224 9.99659748620764e-05 9.72420763898958e-05 9.49859608837929e-05 9.31921508592322e-05 9.18559464055105e-05 9.0973378257453e-05 9.05411502985677e-05 9.05565718196941e-05 9.10174799396025e-05 9.19221526770072e-05 9.32692132468516e-05 9.50575262372714e-05 9.72860864069557e-05 9.99539009252551e-05 0.000103059865958712
0.00042950274699873 0.000408106901713479 0.000387561696709404 0.000367857977002895 0.000348985368296748 0.000330932375610783 0.000313686488797819 0.000297234293886633 0.000281561589139212 0.000266653504670594 0.000252494624455192 0.000239069109533277 0.000226360821234567 0.000214353443251346 0.000203030601420769 0.000192375980113262 0.000182373434170594 0.000173007095391716 0.000164261472625983 0.000156121544600528 0.000148572844680535 0.000141601536836874 0.000135194482174098 0.000129339295452655 0.000124024391121324 0.000119239018459253 0.000114973285510734 0.000111218171580061 0.000107965528138018 0.000105208068075791 0.000102939343326229 0.000101153710956541 9.9846287920574e-05 9.9012894742976e-05 9.86499884917741e-05 9.87545854801751e-05 9.93241742227402e-05 0.000100356619255318 0.000101850056512066 0.000103802781036218 0.00010621312788355 0.000109079347158198
0.000472537466884075 0.000449436604125051 0.000427231201427786 0.000405912933299198 0.000385472067810528 0.000365897571935368 0.000347177224727107 0.000329297737155537 0.000312244877364949 0.0002960036000757 0.000280558178827342 0.000265892339753371 0.00025198939558447 0.000238832378597735 0.000226404171262723 0.000214687633379715 0.00020366572456032 0.000193321620963836 0.000183638825273534 0.000174601268973776 0.000166193406070556 0.000158400297483464 0.000151207685425194 0.000144602057174832 0.000138570697742205 0.00013310173101232 0.000128184149050512 0.000123807829340291 0.000119963539816566 0.00011664293164693 0.000113838519802884 0.00011154365155125 0.000109752463083707 0.000108459824589369 0.000107661274161683 0.00010735294101679 0.000107531458585747 0.000108193868127659 0.00010933751359464 0.000110959928562376 0.000113058716121473 0.000115631422704349
0.000519465495113645 0.000494547261791659 0.000470571064617008 0.000447529445817395 0.000425413346955441 0.000404212221178517 0.000383914154297968 0.000364505993389445 0.000345973481545505 0.000328301397370165 0.000311473697781903 0.000295473662685988 0.000280284040087997 0.000265887190246406 0.000252265227502356 0.000239400158477026 0.000227274015390582 0.000215868983329347 0.00020516752036852 0.000195152469544751 0.000185807161764933 0.000177115508833264 0.000169062085876949 0.000161632202550747 0.000154811962501014 0.000148588310670385 0.000142949068123962 0.000137882954176655 0.000133379595698653 0.000129429523571828 0.000126024156364085 0.000123155771381258 0.000120817463347191 0.000119003091052228 0.000117707212398594 0.000116925008358121 0.000116652196443589 0.000116884934379506 0.000117619714741467 0.000118853251415035 0.000120582358805072 0.000122803824804322
0.000570536978408544 0.000543687741857723 0.000517828667181896 0.000492953204390216 0.000469053002196943 0.000446118027377747 0.00042413669397742 0.000403096000926484 0.000382981676560607 0.00036377832849418 0.000345469597277244 0.000328038312262156 0.000311466648121911 0.000295736280494101 0.000280828539272101 0.000266724558125889 0.000253405418907882 0.000240852289681966 0.000229046555205189 0.000217969938789537 0.000207604614574216 0.000197933309345588 0.000188939393150862 0.000180606958061833 0.000172920884555177 0.000165866895085468 0.000159431594535191 0.000153602497332483 0.000148368041131365 0.000143717587050951 0.000139641406569317 0.000136130655264295 0.000133177333687742 0.000130774235751679 0.000128914885094486 0.000127593459983032 0.000126804707392491 0.000126543846989578 0.000126806465827087 0.000127588404637821 0.000128885636693986 0.000130694140273606
0.000626004816477715 0.000597110457921845 0.000569255683973417 0.000542434894442611 0.000516640481667259 0.000491862957159009 0.000468091089150215 0.000445312049458735 0.000423511568021101 0.000402674093401238 0.000382782957561003 0.000363820543179288 0.000345768451827012 0.000328607671343995 0.000312318740819379 0.000296881911647265 0.000282277303212335 0.000268485051853882 0.000255485451859358 0.000243259087348057 0.000231786954020345 0.000221050569866089 0.000211032074046207 0.000201714313282288 0.000193080915209633 0.000185116348268273 0.000177805967823319 0.000171136048320199 0.000165093801391312 0.000159667379938137 0.000154845868316948 0.000150619258856744 0.000146978415035201 0.000143915021732256 0.000141421523071862 0.000139491048450371 0.000138117327435455 0.000137294594302236 0.000137017483053798 0.000137280913851132 0.000138079971852956 0.000139409779538326
0.000686122623766405 0.000655069414782571 0.000625106209407172 0.000596228401321531 0.000568429166015283 0.000541699594892976 0.00051602884135253 0.000491404277106163 0.000467811656944857 0.000445235290103504 0.000423658216364736 0.000403062385043591 0.000383428835021356 0.000364737874042926 0.000346969255556345 0.000330102351453172 0.000314116319162283 0.000298990261655045 0.000284703379034518 0.000271235110503301 0.000258565265631747 0.000246674143978809 0.000235542642249846 0.000225152348308132 0.000215485621487817 0.000206525658785162 0.00019825654663059 0.000190663298066271 0.000183731875271767 0.00017744919749369 0.000171803134544084 0.00016678248613643 0.000162376947427904 0.000158577061231987 0.000155374157457008 0.00015276028041396 0.000150728104721254 0.000149270840615144 0.000148382129552629 0.000148055931068614 0.000148286401921209 0.000149067768627789
0.000751142379485518 0.000717817938423862 0.000685634565785426 0.000654588695291723 0.000624674328375946 0.000595883175906454 0.000568204812968446 0.000541626844821755 0.000516135082080466 0.000491713723115921 0.000468345541667614 0.000446012077654938 0.000424693829215151 0.000404370444046881 0.000385020908212328 0.000366623730641943 0.000349157121691095 0.000332599164215934 0.00031692797576329 0.000302121860604519 0.000288159450483417 0.000275019833091701 0.000262682667430124 0.000251128285357425 0.000240337778771472 0.000230293072006109 0.000220976979162119 0.000212373246220905 0.000204466577914273 0.000197242649442775 0.000190688103248442 0.000184790531155261 0.000179538442292728 0.000174921217314419 0.000170929049515125 0.00016755287353703 0.00016478428243808 0.00016261543397431 0.000161038947022887 0.000160047789144031 0.00015963515634794 0.00015979434619731
0.000821311758010734 0.000785606081516057 0.000751092782886903 0.000717769384152367 0.000685630758907183 0.000654669281793046 0.000624874992132042 0.00059623576967143 0.000568737520324311 0.000542364369746774 0.00051709886257769 0.00049292216518061 0.000469814269766629 0.000447754197839656 0.000426720200989733 0.000406689957162137 0.000387640760648307 0.000369549704175529 0.000352393851613728 0.000336150399966574 0.000320796829468189 0.000306311040763618 0.000292671478308742 0.000279857239281828 0.000267848167452391 0.000256624931602709 0.000246169088241481 0.000236463128487459 0.000227490509132493 0.000219235668018134 0.000211684023977557 0.000204821961705141 0.000198636802019847 0.000193116758085716 0.000188250878244049 0.000184028976197217 0.000180441549364416 0.00017747968630514 0.000175134964177307 0.000173399337263993 0.000172265017665916 0.000171724349316108
0.000896871137487402 0.000858677700305155 0.000821727742837137 0.000786019925731558 0.00075155004450053 0.000718311186883323 0.000686293905454609 0.000655486403272276 0.000625874730282612 0.000597442988157414 0.000570173541226281 0.000544047231186288 0.000519043593318254 0.000495141072010989 0.000472317233490203 0.000450548973763253 0.000429812719922671 0.000410084623096386 0.000391340741488489 0.000373557212117942 0.000356710410031182 0.000340777093935641 0.000325734537372232 0.000311560644714107 0.000298234051444245 0.000285734208324785 0.000274041449224509 0.000263137042517469 0.000253003226103999 0.000243623226235499 0.000234981260445956 0.000227062525006364 0.000219853167423293 0.000213340244600144 0.000207511667369711 0.000202356132189944 0.000197863040872047 0.000194022409281593 0.000190824766019852 0.000188261042154424 0.000186322453125765 0.000185000374009675
0.000978050291142522 0.000937267205313566 0.000897777990706608 0.0008595824988333 0.000822677500471645 0.000787056851017119 0.000752711672160808 0.000719630547518711 0.000687799729757979 0.000657203356723793 0.000627823674063238 0.000599641261867726 0.000572635262911106 0.000546783610143164 0.000522063251205567 0.00049845036786515 0.00047592058840552 0.00045444919117797 0.000434011297683955 0.000414582053740418 0.000396136797463046 0.000378651212988319 0.000362101469040378 0.000346464341631105 0.000331717320359174 0.000317838697944972 0.000304807642801366 0.000292604254594836 0.000281209602896445 0.000270605749157272 0.000260775752368127 0.000251703658878724 0.000243374476957277 0.000235774136768193 0.000228889436533812 0.000222707975726483 0.00021721807621059 0.00021240869232094 0.000208269310924965 0.000204789842572035 0.000201960504884256 0.000199771699389851
0.00106506477333919 0.00102159599573909 0.000979470218672719 0.00093868853852165 0.000899248758264333 0.000861145560901439 0.000824370700268478 0.000788913206683881 0.000754759604801256 0.000721894140994365 0.000690299017600676 0.00065995463138171 0.000630839813623443 0.000602932069393933 0.000576207813595732 0.000550642601592833 0.000526211352353224 0.000502888562224107 0.000480648507644337 0.000459465435293899 0.000439313738379983 0.00042016811796039 0.000402003728404698 0.000384796306289587 0.000368522282214333 0.000353158875204684 0.000338684169545843 0.000325077174047836 0.000312317863897776 0.000300387205393483 0.000289267163981205 0.000278940696137125 0.000269391725738219 0.000260605105663399 0.000252566565451578 0.000245262645919834 0.000238680621713412 0.000232808412820432 0.000227634486138832 0.000223147748231972 0.000219337430453105 0.000216192967658018
0.00115811202073223 0.0011118685957449 0.00106701543986241 0.00102355494987441 0.000981486021408841 0.000940804230496792 0.00090150203355113 0.000863568983025817 0.000826991955942971 0.000791755392437191 0.000757841541469561 0.000725230710904154 0.00069390151921541 0.000663831146200996 0.000634995580209308 0.000607369859548207 0.000580928305919301 0.00055564474791488 0.000531492732819279 0.000508445725168706 0.000486477290739998 0.000465561264855867 0.00044567190410896 0.000426784020816876 0.000408873099722472 0.000391915396647002 0.000375888018985608 0.000360768988104982 0.000346537283860294 0.000333172871592697 0.000320656712099624 0.000308970755187905 0.00029809791752502 0.000288022045596991 0.000278727864663683 0.000270200914674126 0.000262427474167298 0.000255394473238314 0.000249089396697306 0.000243500178589246 0.00023861508927853 0.000234422616332722
0.00125736719788219 0.00120826851987514 0.00116060487706569 0.00111438002343219 0.00106959401107703 0.00102624337997365 0.000984321367106982 0.000943818132087928 0.000904720996243195 0.000867014692147711 0.000830681620576205 0.00079570211190024 0.000762054689043901 0.000729716329231217 0.000698662721908017 0.000668868520394849 0.00064030758502263 0.000612953215713324 0.000586778372190664 0.000561755880236002 0.000537858622638135 0.000515059713719581 0.000493332656552003 0.000472651482197455 0.000452990870527023 0.000434326252372667 0.000416633892959386 0.000399890956742583 0.000384075553938403 0.000369166769182834 0.000355144672888162 0.000341990315983416 0.00032968570882921 0.000318213785187584 0.00030755835220527 0.000297704027434974 0.000288636163975372 0.000280340764857322 0.000272804387842786 0.000266014041835093 0.000259957076125382 0.000254621063721381
0.00136297882621503 0.00131095390447148 0.0012604056012456 0.00121133908538256 0.00116375563245395 0.00111765282270523 0.00107302475931515 0.00102986230385724 0.000988153325774949 0.000947882962653016 0.00090903388808411 0.000871586583990201 0.00083551961435743 0.000800809897477954 0.000767432973958209 0.00073536326794445 0.000704574339229915 0.000675039124137479 0.000646730163313193 0.000619619814814926 0.000593680451131944 0.000568884639022064 0.000545205301298979 0.000522615859940825 0.000501090360118632 0.000480603574958625 0.000461131091052629 0.000442649374915802 0.000425135820758892 0.000408568780093372 0.000392927573821884 0.000378192487583719 0.000364344751226534 0.000351366503361633 0.000339240742032528 0.000327951262585902 0.000317482583882361 0.000307819864022415 0.000298948806792688 0.000290855560059523 0.000283526607353131 0.000276948653896408
