Files/bias_layer_13april2020.asc
NCOLS 480 
NROWS 240 
XLLCORNER 5 
YLLCORNER 45 
CELLSIZE 0.0416666666666667 
NODATA_value -9999 
[rows 209 to 227 of 240, columns 252 to 293 of 480]
0.00366703792171491 0.00354219455099931 0.00341773218627027 0.00329389455018991 0.00317091738529769 0.00304902755432282 0.00292844221802493 0.00280936809396178 0.00269200079885798 0.00257652427652015 0.00246311031251809 0.00235191813613603 0.00224309410939853 0.00213677150229949 0.00203307035271475 0.0019320974088652 0.00183394615162275 0.00173869689342012 0.00164641695004144 0.00155716088113689 0.00147097079492364 0.00138787671220997 0.00130789698460859 0.00123103876159308 0.00115729850089408 0.00108666251663204 0.00101910755953747 0.000954601423617458 0.000893103573685425 0.000834565788277698 0.000778932812631635 0.000726143016592633 0.000676129052547651 0.00062881850874575 0.000584134553659104 0.000541996567354311 0.000502320756181199 0.000465020747438557 0.000430008161039812 0.000397193155571769 0.000366484946512118 0.000337792294742318
0.00361793885851101 0.00349460634385684 0.0033716401862542 0.00324928328197408 0.00312777050212054 0.00300732779878106 0.00288817138928138 0.00277050702187303 0.00265452932544808 0.0025404212451395 0.00242835356493468 0.00231848451770968 0.00221095948239052 0.0021059107672711 0.00200345747787042 0.00190370546710133 0.00180674736495229 0.0017126626843583 0.00162151799945963 0.00153336719202152 0.00144825176141566 0.00136620119324831 0.00128723338145961 0.00121135509851623 0.00113856250817362 0.0010688417151941 0.00100216934637218 0.000938513157235963 0.000877832658861406 0.000820079759351684 0.000765199414693288 0.000713130283900387 0.000663805383595702 0.000617152737444539 0.000573096016155951 0.000531555164084831 0.000492447008808511 0.000455685850405004 0.000421184027524049 0.000388852457711652 0.000358601149819987 0.00033033968670318
0.00356158253557885 0.00344004025573351 0.00331884836710387 0.00319824828560292 0.00307847339212096 0.00295974814596723 0.00284228727670626 0.00272629505765 0.00261196466352726 0.00249947761411071 0.00238900330484719 0.00228069862481539 0.00217470766163254 0.0020711614922564 0.001970178057984 0.00187186212134164 0.00177630530199515 0.00168358618828956 0.00159377052055748 0.00150691144191738 0.00142304981191937 0.00134221457808942 0.00126442320017184 0.0011896821216776 0.00111798728320928 0.00104932467195381 0.00098367090170816 0.000920993817829554 0.000861253121578546 0.000804401008445946 0.000750382815221389 0.000699137670767174 0.00065059914570307 0.000604695896480432 0.00056135229962468 0.000520489072247371 0.000482023875270215 0.000445871896157428 0.000411946408316322 0.000380159304694224 0.000350421603468829 0.000322643924094903
0.00349822014785309 0.00337873804172522 0.00325958907533237 0.00314101254505263 0.00302323973696718 0.00290649304904629 0.00279098519173417 0.00267691847013122 0.00256448415022781 0.00245386191090053 0.00234521938264531 0.00223871177329998 0.00213448158030785 0.00203265838840009 0.00193335875093387 0.00183668615252035 0.00174273105001691 0.00165157098844444 0.0015632707879278 0.00147788279734752 0.00139544721003549 0.00131599243654931 0.00123953552931807 0.00116608265376887 0.0010956296004156 0.00102816233232073 0.000963657562322631 0.000902083354456167 0.000843399744077151 0.00078755937133152 0.000734508122781983 0.000684185776215995 0.000636526643904953 0.000591460209860322 0.000548911756935319 0.000508802979944213 0.000471052581312823 0.000435576846127267 0.000402290193810177 0.000371105704019615 0.000341935614732053 0.000314691790833044
0.00342815860124117 0.00331099500790907 0.00319414607933136 0.00307784837229539 0.00296233049165355 0.0028478122226988 0.0027345037416614 0.0026226049074657 0.0025123046371401 0.00240378036652951 0.00229719759722405 0.00219270952989696 0.00209045678354701 0.0019905671994699 0.0018931557281472 0.00179832439664408 0.00170616235355292 0.00161674598801396 0.00153013911888836 0.00144639324975688 0.00136554788507045 0.00128763090248901 0.00121265897621149 0.00114063804592475 0.00107156382587947 0.00100542234853801 0.000942190537228477 0.000881836802280742 0.000824321655209888 0.000769598335647319 0.000717613445896901 0.000668307588208032 0.000621616000106524 0.000577469183402 0.000535793522794428 0.000496511890326129 0.00045954423226638 0.000424808135367747 0.000392219369793168 0.000361692406375858 0.000333140906236585 0.000306478181140954
0.00335175682691936 0.00323715644850167 0.00312285112746816 0.00300907408424112 0.00289605067803993 0.00278399755087664 0.0026731218491191 0.00256362052570376 0.00245567972533557 0.0023494742542709 0.00224516713554573 0.00214290924979502 0.00204283906111487 0.00194508242675397 0.0018497524887903 0.00175694964535797 0.00166676159844208 0.00157926347476075 0.00149451801580501 0.00141257583271355 0.00133347572131978 0.00125724503242719 0.0011839000921429 0.00111344666693236 0.00104588046794526 0.000981187689106562 0.000919345573462304 0.000860323002316892 0.000804081101793047 0.000750573861584944 0.000699748760855254 0.000651547396444054 0.000605906108808161 0.000562756601388079 0.000522026549403673 0.000483640194402427 0.000447518921223292 0.000413581814388695 0.000381746191293968 0.000351928109922739 0.000324042849174961 0.000298005360247426
0.00326942144047604 0.00315761345895174 0.00304607991260363 0.00293505011593305 0.00282474564377708 0.00271537948833228 0.00260715529292461 0.00250026666555356 0.00239489657449753 0.00229121682752961 0.00218938763556467 0.00208955726084716 0.0019918617491007 0.00189642474440224 0.00180335738491929 0.0017127582770655 0.00162471354509 0.00153929695262512 0.00145657009227666 0.00137658263895472 0.00129937266231183 0.00122496699338089 0.00115338164028706 0.00108462224774744 0.00101868459496601 0.000955555126481532 0.000895211510526409 0.000837623219506768 0.000782752127312037 0.000730553118304748 0.000680974703023697 0.000633959635852174 0.000589445530154103 0.000547365466659218 0.000507648591181137 0.000470220698073025 0.000435004796161973 0.000401921654249348 0.000370890323617063 0.000341828635334416 0.00031465367051309 0.000289282202005711
0.00318160182207486 0.00307279819802717 0.00296424751305486 0.00285617463706445 0.00274879685081007 0.00264232301732244 0.00253695282900606 0.00243287613338036 0.00233027233970584 0.00222930990800479 0.00213014592126418 0.00203292574090467 0.00193778274491849 0.00184483814742831 0.00175420089780363 0.00166596765689537 0.00158022284741849 0.00149703877502926 0.0014164758162121 0.0013385826687124 0.00126339665992801 0.00119094410840572 0.00112124073337687 0.00105429210711275 0.000990094144779938 0.00092863362643014 0.000869888745765076 0.000813829680371539 0.000760419178223294 0.00070961315539052 0.000661361300081051 0.000615607678356455 0.000572291337116456 0.000531346900222061 0.000492705153928209 0.000456293618114631 0.000422037100136293 0.000389858228456662 0.000359677963574796 0.000331416084106544 0.000304991646227364 0.000280323415025821
0.0030887847043407 0.00298317868191813 0.00287780338943034 0.0027728787477421 0.00266861726597824 0.00256522322869561 0.00246289195740141 0.00236180914934292 0.00226215029576785 0.00216408018113065 0.00206775246400795 0.0019733093397907 0.00188088128454927 0.00179058687882574 0.00170253270950154 0.00161681334732191 0.00153351139713651 0.00145269761744132 0.00137443110538367 0.00129875954302155 0.00122571950031263 0.00115533679004858 0.00108762686974521 0.00102259528535047 0.000960238151537325 0.000900542663307354 0.000843487633639668 0.000789044051977592 0.000737175658448382 0.000687839528856275 0.000640986665672647 0.00059656259046492 0.000554507933454599 0.000514759016169128 0.000477248423449402 0.00044190556138863 0.000408657198106303 0.000377427984597628 0.000348140953240845 0.000320717991887961 0.00029508029180516 0.000271148768063962
0.0029914883629356 0.00288925320117864 0.0027872260241116 0.00268562133632314 0.00258464643269702 0.0024845006026166 0.00238537440696476 0.00228744903079513 0.00219089571383449 0.00209587526026363 0.00200253762852194 0.00191102160119646 0.0018214545343951 0.00173395218537293 0.00164861861658384 0.00156554617377393 0.00148481553522019 0.0014064958287533 0.00133064481278861 0.00125730911722696 0.00118652453977899 0.00111831639301314 0.00105269989722871 0.0009896806141124 0.000929254916045471 0.000871410485891477 0.000816126842105625 0.000763375884066339 0.00071312245263315 0.000665324901079874 0.000619935671734396 0.000576901873872306 0.000536165858657532 0.000497665787193895 0.000461336188044285 0.00042710850088311 0.000394911603270082 0.000364672317863987 0.000336315897730572 0.000309766487734929 0.000284947560342303 0.000261782324478736
0.00289025651064381 0.00279154445683253 0.00269301729531681 0.00259488368697839 0.00249734530720479 0.00240059606835857 0.00230482141327908 0.00221019768264348 0.00211689155831055 0.00202505958407079 0.00193484776453661 0.00184639124223471 0.00175981405231344 0.0016752289536593 0.00159273733463129 0.00151242919107719 0.00143438317379316 0.00135866670213323 0.0012853361400695 0.00121443703064989 0.0011460043844995 0.00108006301776513 0.0010166279347091 0.000955704750020214 0.000897290145822743 0.000841372358329046 0.000787931689095045 0.000736941035897632 0.000688366438356594 0.000642167633567248 0.000598298617190284 0.000556708205658227 0.000517340595400084 0.000480135915251897 0.00044503076850848 0.000411958761374643 0.000380851014890202 0.00035163665772672 0.000324243297582137 0.000298597469228112 0.000274625057590637 0.00025225169456407
0.00278565199915665 0.00269059351511466 0.00259569668060194 0.00250116392733407 0.00240719094534015 0.00231396592486331 0.00222166886733667 0.00213047096821253 0.00204053407373383 0.00195201021305114 0.00186504120641365 0.00177975834950397 0.00169628217335188 0.00161472227865569 0.00153517724276771 0.00145773459706701 0.00138247087195129 0.00130945170623525 0.00123873201734617 0.00117035622836225 0.00110435854764576 0.00104076329658292 0.000979585280754587 0.000920830199727737 0.00086449509057379 0.000810568800187069 0.000759032481490906 0.000709860108678978 0.000663019006741797 0.000618470390669836 0.000576169909902049 0.000536068193797582 0.000498111394145839 0.000462241720990799 0.000428397968326826 0.000396516026519515 0.00036652937861383 0.000338369578007778 0.000311966705290046 0.00028724980236048 0.000264147282269621 0.000242587313524683
0.00267825043365145 0.0025869536811164 0.00249579538534872 0.00240497140713279 0.00231467112630001 0.00222507670415249 0.00213636241283072 0.00204869403435322 0.00196222833138396 0.00187711259111385 0.00179348424298354 0.00171147055033188 0.00163118837543435 0.00155274401680385 0.00147623311706752 0.00140174063921243 0.0013293409085139 0.00125909771702593 0.00119106448712693 0.00112528449027692 0.00106179111685653 0.00100060819272447 0.000941750337947084 0.000885223363023799 0.000831024697850721 0.000779143848633618 0.000729562877975992 0.000682256903427307 0.000637194609876858 0.000594338771317476 0.000553646777676654 0.000515071162616939 0.000478560128439236 0.000444058064477035 0.00041150605564396 0.000380842378085749 0.000352002979188516 0.00032492193950269 0.000299531914453602 0.000275764554021229 0.000253550898880087 0.000232821751792432
0.00256863380377555 0.00248118439013718 0.00239385049033358 0.00230682109740979 0.0022202789983914 0.00213440005824095 0.00204935256847262 0.00196529666310247 0.00188238380395726 0.00180075633671339 0.00172054711839597 0.00164187921644161 0.00156486567882534 0.00148960937417481 0.0014162029002513 0.00134472855866947 0.00127525839326111 0.00120785428906537 0.00114256812855146 0.00107944200135179 0.00101850846350536 0.000959790841983241 0.000903303580090593 0.000849052619212773 0.000797035812294219 0.000747243364408615 0.000699658295793128 0.000654256922777398 0.00061100935213585 0.000569879984526931 0.000530828022851646 0.000493807981562483 0.000458770193179201 0.000425661308515278 0.000394424787385383 0.000365001376844731 0.000337329574303175 0.0003113460731554 0.000286986188870893 0.000264184263789507 0.000242874049167482 0.000222989063311582
0.00245738423092418 0.00237384521195226 0.00229039920900544 0.00220722809633304 0.00212450782855653 0.00204240774707812 0.00196108994872884 0.00188070871928114 0.00180141003381619 0.00172333112530439 0.00164660012213425 0.00157133575471727 0.00149764713070985 0.00142563357783326 0.00135538455274363 0.0012869796139113 0.00122048845601492 0.00115597100294459 0.00109347755614258 0.00103304899469087 0.000974717023284252 0.000918504464006286 0.000864425587652124 0.000812486480219191 0.00076268544010951 0.000715013401557837 0.000669454379813365 0.000625985933658579 0.000584579640943564 0.000545201582944786 0.000507812833520818 0.000472369949229934 0.000438825456792837 0.000407128334523259 0.000377224484607351 0.000349057193384344 0.000322567577063598 0.00029769501060208 0.000274377537758774 0.00025255226063481 0.000232155707297222 0.000213124176367342
0.00234507792594248 0.00226549005768583 0.00218597333980791 0.00210670232278458 0.00202784593259194 0.00194956680038973 0.00187202065191376 0.00179535575914822 0.00171971245623497 0.00164522272096546 0.00157200982259832 0.00150018803615668 0.00142986242279182 0.00136112867525638 0.00129407302701832 0.00122877222306849 0.00116529355003464 0.00110369492281604 0.00104402502459726 0.000986323496790383 0.000930621175191489 0.000876940368422137 0.000825295174558202 0.000775691831728035 0.00072812909838664 0.000682598658943013 0.000639085550430155 0.000597568605960639 0.000558020910801536 0.000520410267028376 0.000484699662875324 0.000450847743084392 0.000418809276767067 0.000388535619522902 0.000359975166808697 0.000333073795814007 0.00030777529337144 0.000284021767709027 0.000261754042134072 0.000240912029019899 0.00022143508274573 0.000203262330512917
0.00223227944383554 0.00215666167176454 0.00208109399198971 0.00200574347218017 0.00193077185670346 0.00185633492030328 0.00178258187886606 0.00170965485979037 0.00163768843388225 0.00156680921010962 0.00149713549396723 0.00142877700963562 0.00136183468556863 0.00129640050261957 0.00123255740332059 0.0011703792604673 0.00110993090273486 0.00105126819466554 0.000994438168023541 0.000939479201212506 0.000886421243196159 0.000835286078153061 0.000786087626932874 0.000738832281263987 0.000693519266588539 0.000650141029371054 0.000608683644737831 0.000569127240354566 0.000531446432536471 0.000495610770705635 0.000461585186461429 0.00042933044370804 0.000398803586485552 0.000369958381373205 0.000342745751573055 0.000317114200034337 0.00029301021924124 0.000270378685555002 0.000249163236272721 0.000229306627836534 0.000210751073895055 0.000193438562181531
0.00211953631301702 0.00204788648278784 0.00197626665511098 0.00190483630117863 0.00183374987357038 0.00176315618453709 0.00169319783868462 0.00162401072251266 0.0015557235526956 0.0014884574844259 0.0014223257805804 0.00135743354192329 0.00129387749803081 0.00123174585811711 0.00117111822046287 0.00111206553870205 0.00105465014281066 0.000998925812268653 0.000944937898532797 0.00089272349366812 0.000842311641737929 0.000793723589349658 0.00074697307159437 0.000702066629503145 0.000659003955070909 0.000617778259868096 0.000578376663269551 0.000540780596377169 0.000504966217794995 0.000470904837530154 0.000438563345437283 0.000407904640794504 0.000378888059792714 0.000351469797932821 0.000325603324555137 0.000301239786966888 0.000278328401885406 0.000256816832171861 0.000236651547090838 0.000217778164591292 0.000200141774361791 0.000183687240664889
0.0020073741063719 0.00193966987737827 0.00187197667314798 0.00180444629908088 0.00173722584768128 0.00167045710194765 0.00160427599042589 0.00153881209631953 0.00147418822250637 0.00141052001376768 0.00134791563699941 0.00128647551964979 0.00122629214611992 0.00116744991137803 0.00111002503057823 0.00105408550304532 0.00099969112859056 0.000946893573763946 0.000895736485327125 0.000846255647950376 0.000798479182897793 0.000752427784268162 0.000708114989204154 0.000665547478370575 0.000624725402930799 0.00058564273421978 0.000548287632318972 0.000512642829782044 0.000478686026837607 0.00044639029450379 0.000415724482186545 0.000386653626495826 0.000359139358198498 0.000333140304429969 0.000308612483505844 0.000285509689905905 0.000263783867243289 0.000243385467277782 0.000224263793281306 0.000206367326312634 0.000189644033204671 0.000174041655308721
